# =========================================================================================
# DRDO AUTOMATIC WEATHER STATION (AWS) - METEOROLOGICAL TELEMETRY DATASET
# -----------------------------------------------------------------------------------------
# Primary Channels:
#   1. Temperature (Dry Bulb & Wet Bulb Temp in °C)
#   2. Relative Humidity (RH in %)
#   3. Atmospheric Barometric Pressure (Pressure in hPa)
# Auxiliary Channels:
#   4. Wind Speed (m/s) & Direction (Degrees)
#   5. Solar Radiation (W/m²) & Rainfall (mm)
# =========================================================================================
Time_Inst,Direction,Speed,Dry Bulb Temp,Wet Bulb Temp,Rel. Humidity,Solar Radiation,Rainfall,Pressure (IMU),Pressure (hPa)
1783431401,120.5,2.4,26.50,22.10,68.40,450.0,0.0,1012.30,1012.35
1783431402,122.0,2.6,26.80,22.30,67.80,455.0,0.0,1012.28,1012.30
1783431403,118.5,2.1,27.10,22.50,67.10,460.0,0.0,1012.25,1012.28
1783431404,115.0,2.8,27.40,22.70,66.50,470.0,0.0,1012.20,1012.22
1783431405,124.2,3.1,27.80,22.90,65.80,480.0,0.0,1012.18,1012.20
1783431406,128.0,3.4,28.20,23.10,65.00,490.0,0.0,1012.15,1012.18
1783431407,130.5,3.0,28.50,23.30,64.20,505.0,0.0,1012.10,1012.12
1783431408,135.0,2.7,28.90,23.50,63.50,520.0,0.0,1012.05,1012.08
1783431409,140.2,3.2,29.30,23.70,62.80,535.0,0.0,1012.00,1012.02
1783431410,142.8,3.6,29.70,23.90,62.00,550.0,0.0,1011.95,1011.98
1783431411,145.0,3.9,30.10,24.10,61.20,570.0,0.0,1011.90,1011.92
1783431412,148.5,4.1,30.50,24.30,60.50,585.0,0.0,1011.85,1011.88
1783431413,150.0,3.8,30.90,24.50,59.80,600.0,0.0,1011.80,1011.82
1783431414,153.2,4.3,31.30,24.70,59.00,615.0,0.0,1011.75,1011.78
1783431415,155.8,4.5,31.70,24.90,58.30,630.0,0.0,1011.70,1011.72
1783431416,158.0,4.2,32.10,25.10,57.50,645.0,0.0,1011.65,1011.68
1783431417,160.5,4.0,32.50,25.30,56.80,660.0,0.0,1011.60,1011.62
1783431418,162.0,3.7,32.90,25.50,56.00,675.0,0.0,1011.55,1011.58
1783431419,165.2,3.5,33.20,25.70,55.40,685.0,0.0,1011.50,1011.52
1783431420,168.0,3.9,33.60,25.90,54.70,700.0,0.0,1011.45,1011.48
1783431421,170.5,4.2,34.00,26.10,54.00,715.0,0.0,1011.40,1011.42
1783431422,172.0,4.6,34.30,26.30,53.40,730.0,0.0,1011.35,1011.38
1783431423,175.4,4.8,34.70,26.50,52.70,745.0,0.0,1011.30,1011.32
1783431424,178.0,5.1,35.00,26.70,52.00,760.0,0.0,1011.25,1011.28
1783431425,180.2,5.3,35.30,26.80,51.40,775.0,0.0,1011.20,1011.22
1783431426,182.5,4.9,35.60,27.00,50.80,790.0,0.0,1011.15,1011.18
1783431427,185.0,4.6,35.90,27.20,50.10,800.0,0.0,1011.10,1011.12
1783431428,188.4,4.2,36.20,27.30,49.50,810.0,0.0,1011.05,1011.08
1783431429,190.0,4.0,36.50,27.50,48.90,820.0,0.0,1011.00,1011.02
1783431430,192.5,3.8,36.80,27.60,48.30,830.0,0.0,1010.95,1010.98
1783431431,195.0,4.1,37.00,27.80,47.70,840.0,0.0,1010.90,1010.92
1783431432,198.2,4.4,37.20,27.90,47.20,845.0,0.0,1010.85,1010.88
1783431433,200.0,4.7,37.40,28.00,46.70,850.0,0.0,1010.80,1010.82
1783431434,202.5,5.0,37.60,28.10,46.20,855.0,0.0,1010.75,1010.78
1783431435,205.0,5.2,37.70,28.20,45.80,860.0,0.0,1010.70,1010.72
1783431436,208.4,4.8,37.80,28.30,45.40,862.0,0.0,1010.65,1010.68
1783431437,210.0,4.5,37.90,28.40,45.00,865.0,0.0,1010.60,1010.62
1783431438,212.5,4.3,38.00,28.40,44.70,868.0,0.0,1010.55,1010.58
1783431439,215.0,4.0,38.00,28.50,44.40,870.0,0.0,1010.50,1010.52
1783431440,218.2,3.9,37.90,28.40,44.80,865.0,0.0,1010.55,1010.58
1783431441,220.0,4.1,37.70,28.30,45.30,855.0,0.0,1010.60,1010.62
1783431442,222.5,4.4,37.40,28.10,46.00,840.0,0.0,1010.65,1010.68
1783431443,225.0,4.7,37.00,27.90,46.90,820.0,0.0,1010.70,1010.72
1783431444,228.4,5.0,36.50,27.60,48.00,795.0,0.0,1010.78,1010.80
1783431445,230.0,5.3,35.90,27.30,49.40,765.0,0.0,1010.85,1010.88
1783431446,232.5,5.6,35.20,26.90,51.00,730.0,0.0,1010.92,1010.95
1783431447,235.0,5.2,34.50,26.50,52.70,690.0,0.0,1011.00,1011.02
1783431448,238.2,4.8,33.70,26.00,54.60,645.0,0.0,1011.10,1011.12
1783431449,240.0,4.4,32.90,25.50,56.70,595.0,0.0,1011.20,1011.22
1783431450,242.5,4.0,32.00,25.00,59.00,540.0,0.0,1011.32,1011.35
